4294967279,573
4294967279,547
4294967294,1417
4294967278,254
4294967278,360
4294967279,572
4294967278,252
4294967279,523
4294967278,246
103,5
4294967278,244
103,4
103,3
103,2
103,1
102,4
102,2
102,1
4294967278,378
4294967278,302
4294967278,299
4294967278,309
4294967278,295
4294967278,294
4294967278,23
4294967279,540
4294967279,301
4294967279,300
4294967278,228
4294967279,228
4294967278,226
4294967278,224
4294967278,225
4294967279,224
4294967278,222
4294967279,219
4294967278,218
4294967279,520
4294967279,217
101,5
4294967278,216
101,4
101,3
101,2
101,1
4294967278,214
4294967278,389
4294967278,347
4294967278,0
4294967279,208
99,6
99,5
99,4
99,3
99,2
99,1
4294967294,396
4294967294,178
4294967294,420
4294967294,414
4294967294,191
4294967294,1004
4294967294,405
4294967294,464
98,5
98,4
98,3
98,2
98,1
4294967278,194
4294967279,190
4294967278,189
4294967278,188
4294967279,186
4294967279,188
97,5
4294967278,187
97,4
4294967279,187
97,3
97,2
97,1
4294967278,186
4294967278,375
4294967278,184
4294967278,374
4294967279,310
4294967279,543
96,5
96,4
4294967278,179
96,3
96,2
96,1
4294967279,179
4294967278,178
4294967278,175
4294967279,173
4294967278,172
4294967279,172
4294967279,171
4294967279,293
4294967278,313
4294967279,564
4294967278,371
4294967278,300
4294967294,419
4294967294,1006
4294967294,391
4294967294,188
4294967294,163
4294967278,348
4294967279,559
4294967279,158
4294967279,157
4294967278,345
4294967279,155
4294967279,303
4294967279,536
4294967279,290
4294967279,327
4294967279,289
4294967278,308
4294967278,366
4294967279,288
4294967279,558
4294967279,534
4294967278,307
4294967279,533
4294967278,305
4294967278,21
4294967278,16
4294967279,574
4294967294,30
4294967294,61
4294967279,135
4294967279,134
4294967294,12
4294967278,383
4294967278,381
4294967278,251
4294967278,247
4294967278,245
4294967278,243
4294967278,235
4294967278,349
4294967278,58
4294967278,57
4294967278,56
4294967278,55
4294967278,54
4294967278,53
4294967278,52
4294967278,51
4294967278,50
4294967278,49
4294967278,48
4294967278,47
4294967278,46
4294967278,45
4294967278,44
4294967278,43
4294967278,42
4294967278,41
4294967278,40
4294967278,39
4294967278,38
4294967278,37
4294967278,36
4294967278,35
4294967278,34
4294967278,33
4294967278,32
4294967278,31
4294967278,30
4294967278,29
4294967278,28
4294967278,27
4294967278,26
4294967279,570
4294967279,81
4294967279,79
4294967279,78
4294967279,77
4294967279,76
4294967279,72
4294967279,71
4294967279,69
4294967279,67
4294967279,66
4294967279,309
4294967279,64
4294967279,63
4294967279,308
4294967279,61
4294967279,60
4294967279,59
4294967279,560
4294967279,57
4294967279,294
4294967279,56
4294967279,55
4294967279,54
4294967279,52
4294967279,51
4294967279,48
4294967279,46
4294967279,45
4294967279,43
4294967279,42
4294967279,40
4294967279,39
4294967279,38
4294967279,37
4294967279,36
4294967279,34
4294967279,32
4294967279,30
4294967279,28
4294967279,27
4294967279,25
4294967279,24
4294967279,22
4294967279,20
4294967279,16
4294967279,13
4294967279,11
4294967279,270
4294967279,19
4294967279,267
4294967278,275
4294967279,266
4294967278,286
4294967279,17
4294967279,297
4294967278,342
4294967278,267
93,5
4294967278,281
93,4
93,3
93,2
93,1
4294967278,279
4294967294,1418
4294967279,255
4294967278,259
4294967279,326
4294967278,258
4294967279,325
4294967279,324
4294967279,525
4294967279,548
91,5
91,4
4294967279,526
91,3
91,2
91,1
4294967294,114
4294967294,412
4294967294,168
4294967294,399
4294967294,118
4294967279,247
89,6
4294967279,239
4294967278,242
4294967279,242
4294967279,240
89,5
89,4
89,3
89,2
89,1
4294967279,233
4294967294,120
4294967279,231
4294967278,231
4294967278,229
88,5
88,4
88,3
88,2
88,1
4294967279,221
4294967294,393
4294967278,217
4294967278,333
4294967279,213
4294967279,212
4294967278,211
4294967279,209
4294967279,211
87,5
4294967278,210
87,4
4294967279,210
87,3
87,2
87,1
4294967279,545
4294967278,209
4294967278,207
4294967278,206
4294967278,388
4294967279,323
4294967279,517
4294967278,205
86,5
4294967278,203
4294967279,203
86,4
4294967278,202
86,3
86,2
86,1
4294967279,202
4294967278,201
4294967279,201
4294967294,387
4294967294,386
4294967278,198
4294967279,200
4294967278,324
4294967278,325
4294967279,199
4294967278,197
4294967279,197
4294967278,196
4294967279,196
4294967278,195
4294967294,468
4294967279,195
4294967294,89
4294967294,1005
4294967278,320
4294967278,191
4294967279,313
4294967278,319
4294967279,544
4294967278,318
4294967279,567
4294967279,566
4294967278,182
4294967278,181
4294967279,542
4294967278,180
0,7
4294967278,387
4294967294,392
4294967294,388
4294967294,115
4294967279,322
4294967279,538
4294967279,0
4294967278,316
4294967294,389
4294967278,315
4294967279,565
4294967294,418
4294967278,351
4294967278,173
4294967294,1
34,2
4294967279,295
